67363
18477
-1
8484
54176
37365
59293
39472
42404
43942
42669
28388
98740
24056
37005
16416
52123
60661
32080
9035
48626
43210
33507
37881
75235
99559
13730
43549
34594
43985
69904
1956
62461
93509
26791
32989
47225
2436
72460
89628
46377
31480
18016
45116
71888
55020
-1
24010
15681
26315
49396
64306
69524
82902
2186
44758
98812
15915
4659
33405
76252
90914
51713
55064
84422
78503
88052
31646
97290
76863
37625
43666
24695
55640
5133
12934
27012
99368
53295
59044
25682
2690
23349
11557
1944
41887
72666
755
74153
77324
50512
50404
84589
2224
21820
85362
97078
9871
33359
94368
86734
70984
54385
27780
42975
59518
40713
69986
58885
94007
45381
918
96696
85082
12474
98639
26968
85139
15746
17472
78815
66257
84228
63403
84832
6047
48765
81909
15917
82123
92628
19002
69458
47013
63133
12433
6530
3845
98770
81766
97851
44151
82683
10899
29232
11508
25889
72551
96646
57986
90022
91812
40594
74249
55215
25425
96647
20331
7334
12564
18805
16313
47917
88263
63325
27402
17047
86206
31246
32168
84323
45449
76318
67005
72699
21901
94864
14939
10803
91510
72925
825
99673
13518
91425
54887
38943
88072
91569
62628
16987
10374
78940
81255
14988
58617
8656
32034
44822
56254
64201
29145
1702
56871
12501
90752
95123
7365
5690
5926
15226
94966
23102
31250
8484
30878
86137
63778
18949
94057
42757
52287
4430
38048
49894
19417
96664
58549
67802
57838
14802
48355
3334
32855
5225
15834
23606
347
39550
45648
22624
71127
40613
62077
2377
65448
92955
4865
45577
28255
15273
88333
80542
19703
42733
30435
55471
39396
5335
39625
97233
36489
87979
566
69343
93203
32752
9301
9901
88653
71300
48877
76132
28264
10953
94860
10064
3907
99724
55640
48514
14996
60325
29055
51050
3057
75841
22873
58804
97527
62497
56037
34015
50475
72954
19710
60029
22057
29010
86281
10710
16661
35157
3193
44924
46110
98052
54987
66368
97775
26979
14881
29122
87303
60287
96524
90359
52479
35748
65514
50006
98244
21550
84020
65070
10856
3729
25098
49264
49090
27730
76325
65750
62887
79517
27026
25348
77568
98364
8067
91694
25342
22948
37168
12644
99586
33691
19354
52065
69438
84868
18422
84033
22769
2441
49102
49976
22522
90551
99240
71611
18280
75564
53713
97518
55081
97090
22865
49000
95453
30932
40694
20795
70231
77861
33438
86168
27903
69144
54584
97340
54011
73005
97724
93131
91798
46825
43107
14319
53727
58698
2281
88358
34261
72345
85876
5693
69434
25092
71045
64887
72375
11738
85681
58957
5950
35470
45125
33852
4613
16060
47543
74975
89065
45266
68106
97214
8442
27564
11532
62168
86261
30164
66877
36873
2509
52752
58918
71942
94196
29962
36828
66570
41699
38860
25527
64000
74330
87003
97851
95294
3062
61745
70269
92126
7010
54726
89339
31803
98641
17222
10322
84901
63738
77198
21773
66246
46302
97042
54539
40497
27003
7719
7066
85053
46578
48944
49052
37259
35946
46902
32553
39008
24998
19173
47485
32007
90250
36824
80161
88890
70397
90482
90142
34134
84032
11914
16731
30333
8956
87622
70829
52310
95340
94246
37363
41917
43190
86414
95528
79135
49668
28080
18142
74665
63604
65627
23024
53853
18802
3184
59094
5550
10018
49235
56036
94049
77500
89118
24381
2807
76739
11561
55117
72078
5806
92479
30347
48995
78892
25874
28130
28559
70305
62623
19576
33908
44601
42599
4112
79754
62134
63205
85304
72151
12439
57691
82551
89938
46808
6931
92745
23547
18491
47861
95624
40649
56691
42322
89643
35582
68195
34124
80493
54851
96747
16420
88758
41347
59018
9221
21101
37503
72425
22756
26006
1215
80446
8556
91153
27253
31839
249
67151
50329
64461
62775
90977
21151
21448
96972
73084
89643
31095
69928
44493
44193
86347
49603
1892
61716
75175
39344
99219
47600
62099
25224
48814
58896
50131
56318
86148
81969
56566
53299
48650
21026
32425
55978
42176
53872
52949
31612
59866
396
1539
20711
44588
87886
86665
46479
65953
61839
85822
65171
25790
64272
6746
74604
23167
73229
30921
25667
55197
3839
95317
3846
41216
27741
59824
83392
97964
29124
15003
74182
29519
32893
94892
90459
20778
97908
36937
86731
59746
39111
68253
85536
19734
91351
76491
42901
64579
23763
68567
36127
27601
63883
56325
68817
7975
16148
68560
5938
61623
99914
96471
7494
32806
91362
97952
69936
89269
51240
73018
65367
6702
57622
50902
26436
48972
43744
69336
29902
67506
54254
82381
11459
34488
38705
96627
42462
71204
65186
64751
32826
81451
61222
40319
30608
68935
54622
543
74556
5862
89912
39922
12563
47534
7175
38998
12857
50918
24685
59111
34775
78938
41491
46233
29777
80195
42859
88590
51398
24396
69693
575
5846
47266
57246
52806
16200
11867
53348
7107
34080
59612
47028
46643
7145
70554
1992
20001
37823
26677
95463
72598
21966
36953
35182
68095
33499
94393
56684
1248
18788
26376
1823
40986
73641
75420
93791
6193
3638
63490
13299
37718
23101
76679
712
46597
47232
2703
82950
85055
45731
78412
74004
84049
15365
25537
52143
65215
19929
8826
66463
55069
51554
68285
96054
25194
60056
6196
47738
63693
86037
61037
1410
25490
37715
2121
88438
84946
21176
71387
86352
66906
49799
76707
50954
81515
2244
19448
46729
22172
44626
13191
77240
96179
97827
89645
37724
74234
12192
85462
37927
98229
46498
39336
40070
564
57809
28507
1861
78984
99894
4565
62241
66044
81271
29547
63910
99866
65346
10638
38390
9971
40181
15629
6149
54359
21626
43873
28593
50169
45686
66519
64749
8535
22206
4818
9098
96366
49677
10958
91701
65922
15522
70294
31965
96793
99840
12226
13010
65185
22863
51399
75156
79395
83380
97656
33754
5005
57880
78698
55173
3565
61568
19922
12099
83773
41091
37548
96491
90767
48506
88191
56688
64027
58484
5004
77171
74675
17229
90181
39860
56444
41579
31367
52190
24958
45374
2295
46314
3254
80992
17839
23170
42559
54112
51621
42684
11554
89168
39174
2321
37673
27364
75360
18052
2200
96716
11574
76874
30296
18106
33085
86739
76037
64451
55281
994
26177
57575
63660
45782
54919
81498
68951
97477
51961
36923
56512
63514
26091
95685
82186
80115
39401
57546
14518
41600
70613
42444
18473
908
60549
51558
3999
36585
32360
59279
53931
58536
33205
17590
4317
88123
15439
89620
1952
67399
26542
58463
47264
68984
54148
29450
65451
93548
3347
79968
35147
73959
38763
69971
91218
99312
21528
95216
35896
70240
70846
6178
28775
20403
23767
49444
8525
55557
39063
10476
39307
81956
68939
86571
67292
39438
16020
32742
49337
19366
29061
835
93324
67824
70805
84541
67135
8685
96109
19382
78924
83306
25560
24050
3708
65678
89845
12233
21235
45259
39060
60541
27215
24350
47111
94506
80139
79482
43599
29475
98847
72659
30309
8522
56834
17466
9415
40320
26150
5523
59702
21425
5180
1613
61826
8888
67290
51671
21120
4876
13281
76531
81769
56847
881
45231
67704
81019
24713
11302
26846
39911
313
57154
64785
57146
90971
74199
97466
33472
96073
73519
54896
1252
75131
33074
10139
58772
1096
47610
80000
-1
40493
61768
71223
57725
23350
38926
38743
64414
66580
81940
4325
66892
39094
69109
40389
46416
59659
37854
79888
55731
11372
51135
73334
2854
84208
99825
61626
1655
47434
41625
16031
4278
19744
3605
62002
43093
58882
17097
23859
25461
99036
28183
8704
54481
13643
49093
897
89653
3298
80784
45383
14670
31918
18716
33875
32478
18540
95500
34132
82326
53476
66514
86603
73219
70118
64957
32664
45352
82053
56522
87164
81088
1056
95868
35569
31050
61312
52817
20702
64609
33600
82436
95630
81869
17503
29505
14346
52395
25004
48478
51072
94832
14991
54026
84402
1461
18982
33417
63164
1034
6290
50327
82122
23697
62546
34042
54746
23857
86858
91799
4818
36809
74234
447
18677
8089
29951
49375
60483
71307
97852
11554
82490
29194
65579
66891
47006
84561
308
10169
1946
6597
60496
419
30294
39393
34460
1391
63250
37669
93190
68067
90829
83775
84865
9506
91863
14816
75232
68697
2474
73083
96602
84963
18628
78533
51853
65634
79445
68512
92154
81390
91461
69001
81809
38106
8394
32620
39496
71643
70289
49037
56061
61117
49164
40925
86974
57378
72092
62205
26075
90917
51639
39028
75879
86619
17560
44084
68604
97004
28947
60757
78394
20407
29758
76554
58512
38151
9173
14360
26145
79461
79748
82205
56930
28911
39481
60255
86289
11573
38812
28715
2489
6802
67742
94720
93420
85302
55155
62023
98657
84101
39132
77050
4508
68889
69955
79371
23391
79128
10082
49535
74940
89830
48091
31869
18740
87571
8476
21380
15495
47287
66446
34336
70440
50540
45407
63860
52193
561
42234
50849
84661
81365
44251
5520
66605
14205
1243
89995
93332
11324
39529
68272
1153
3971
16492
36245
91542
41319
73976
23388
4957
40422
57723
75397
90961
3129
55608
43153
20041
97841
10353
4702
95558
54603
26573
78514
85160
27815
68509
78491
55491
24389
63114
72995
28360
95958
9239
36253
37276
83215
59640
42233
39988
33715
33981
30948
53195
89588
90452
73236
3780
804
94289
15689
71759
20861
94203
56918
65028
62711
51760
36870
3451
31226
9864
31810
27183
19103
84414
80810
18669
44054
39394
58656
77768
73374
5955
47314
79313
12758
20549
99445
29913
14837
15133
18023
52050
9335
74940
33429
88397
43052
70298
91848
74277
80161
40009
17811
15615
24423
98620
34283
84828
54366
9290
78947
27739
31596
26260
23404
44353
46809
22848
74266
77997
37980
8640
46398
63667
83580
79826
68415
42983
66475
76614
17259
62988
32975
35069
78602
73749
50040
29237
58576
4405
38526
37522
48496
70122
63781
71899
30826
26941
94746
21443
4938
49077
30083
51335
29095
13662
47513
13862
56644
13987
90475
90254
76974
23449
41674
71928
97197
91713
1164
72124
96118
56041
9645
44613
26162
89778
32863
73340
16718
43960
94782
38007
93036
24864
5694
38483
54877
53206
52344
27872
83544
59170
34477
76870
98971
76150
48797
12519
67863
66312
84643
80332
22352
10639
24944
64866
16768
57806
38205
33486
1765
49338
87844
11152
74202
93537
65986
45430
63094
34681
73302
46638
10203
7778
39859
9173
280
5007
38043
68142
87670
22685
48473
10021
49676
89768
91238
66443
63925
45794
16280
82041
95132
4124
9544
85685
14012
75530
47466
77106
26562
20767
40095
36764
44897
79953
45936
45176
1311
83979
29669
88980
23015
94493
15352
89042
84260
6590
55485
48184
68735
88116
46576
80218
92239
56119
65902
22603
31648
13368
99708
58210
50486
39802
94973
11734
36106
57261
73261
53768
57591
2929
42747
80605
97421
58098
69647
98032
81039
41483
62567
66126
29598
9142
46343
38189
65261
28597
60791
13260
58316
76850
87821
25153
16651
99146
36887
69108
56406
26499
22875
13996
45780
81973
10952
43200
56422
96950
57584
37461
54784
20150
19938
84382
45644
66280
38922
10904
11228
99712
40515
69543
92913
28336
94696
9563
27481
47934
95022
238
74432
34248
30585
20211
16220
41536
79763
72641
54838
53698
26453
9621
73847
46390
10354
19490
12670
49275
46745
23897
65338
87260
9792
58250
31947
20839
84164
59427
68772
95537
76016
59555
29784
6600
79766
46003
64487
75880
18644
19324
29577
45096
45297
19775
91486
55650
55617
20507
21277
18713
60755
2966
5972
70546
61216
37918
91384
61731
13696
76507
57268
89711
36062
87051
12662
32179
33054
77149
24410
68049
12824
53986
13144
74472
90112
20981
30122
45728
41487
67750
64441
18594
70715
86764
89139
48282
41034
96875
26365
71081
73381
83632
77144
25794
87034
89805
57972
36439
66953
82381
4487
96129
52718
33983
70600
42830
54963
17073
4909
12802
84822
85701
31395
71889
88817
36885
20170
46202
50111
62886
17282
23492
46517
94425
65637
49903
84230
23609
86341
67534
22341
7180
80014
91411
41162
50614
50592
12476
84038
71852
25277
68860
57553
73023
57100
62721
26260
93621
8922
76370
56507
42555
16213
19375
53332
81850
69277
53913
21810
55618
21446
44150
79149
17812
51912
20310
84777
2503
32785
68814
74355
74414
37673
48259
63788
11124
10979
90047
4745
36252
82769
61251
78806
98981
80625
32137
80830
49902
86049
2639
21871
23847
63141
1019
41658
31404
37680
26434
33907
86816
11599
8261
77581
49272
56519
41369
60395
83849
47767
81491
20100
30535
42741
15257
29516
39718
63746
26697
89619
66146
45688
27841
89992
25180
45211
48001
56583
82890
90786
90489
69705
2385
15101
47286
68008
87971
5006
44754
88171
69124
26245
24622
16011
85337
39879
61878
25054
19976
88574
31024
86121
50613
58864
92465
75792
20426
40465
48727
3315
47603
39215
89372
66339
70668
53009
34346
74990
74366
95451
63161
43489
38047
87782
59499
23384
27660
21376
64789
47635
26302
95813
50108
-1
71028
42572
52706
91454
99388
1432
94768
46990
56998
491
13328
44017
53499
64025
19007
27864
75828
82167
71353
13874
69948
47203
53609
13960
68579
18398
77946
94880
14210
28053
71793
85237
70624
40850
93042
70012
58633
4162
33353
31983
4652
63033
75999
74503
27057
95005
2366
2884
93523
90070
33110
63471
53625
86718
77430
22203
21467
71727
33434
35676
99780
21578
37265
86755
78780
30306
56766
37412
50819
90119
85746
55471
53151
61745
29973
96559
73101
48690
15795
66624
55112
65256
46446
8736
51973
40227
47290
73440
11953
97075
25467
11732
18652
79083
98487
13783
25741
71604
51195
76559
78074
36940
32029
47576
15036
78353
60487
88137
43395
76281
71112
98506
57888
17557
23593
9860
57783
70882
99651
69735
67956
41470
97819
2959
20552
12657
16742
46292
84260
84288
22851
78686
37579
71231
26261
52615
49584
86747
57103
9330
79379
28214
7835
37266
45770
31427
63478
3552
18660
79480
89638
86615
20949
87456
5925
57853
112
22666
4144
724
6953
43346
79409
44532
14577
22021
13498
80512
25120
70600
89841
20850
98813
97675
58116
44582
45453
37945
64485
64112
17424
54122
67078
54725
57930
73002
12577
74393
12020
16720
75116
35324
60066
70876
79855
90994
9249
93352
71505
34368
80303
61345
55217
79115
75371
29684
23696
37175
83980
4532
17638
1404
58654
1067
56128
16583
74068
85056
90975
2439
18127
82443
37763
78192
69670
33969
85537
78918
27321
57041
29637
7623
34737
1206
3090
10107
30889
43137
63633
14869
47669
81270
32624
6322
82336
5103
39256
-1
90158
46582
91546
8284
45376
29308
2828
15046
63277
88364
10315
6949
61757
39952
30923
96493
57509
34012
22952
88397
77149
86584
19617
41169
84206
68592
47490
66541
73694
3097
55648
80203
49678
63546
4839
95054
92853
7666
26451
72481
12381
36765
79429
74137
93068
26704
70630
50576
77067
93581
55325
70567
96516
91293
11735
80721
59885
75576
63614
49930
78672
35613
30133
44702
99158
51323
39755
92011
75340
82557
80843
87720
35673
60272
78209
45093
3327
65190
12020
80393
75122
67344
67312
71637
74989
79046
52358
34873
54622
32323
1154
49645
67935
47638
94346
67093
98960
50452
75455
74299
33008
56297
78371
85033
32920
56579
30125
36246
38120
42144
32991
13241
25840
302
84877
828
95699
53586
52052
50320
85908
53205
99965
53843
843
94310
37287
16154
44762
29093
6805
94121
85389
85175
79153
34661
58105
25629
70906
96224
67773
20248
9464
93612
36901
10692
94439
32600
64278
46490
82919
66537
16046
99235
20379
16888
9897
74017
49394
71010
3109
56198
81482
4850
41372
60635
39510
15828
86263
10415
28403
70387
47015
54218
63998
83915
64909
74788
16514
45538
37629
15785
12075
53675
15019
48805
86914
41267
22822
36307
12276
42282
8856
93758
47131
50227
70744
86640
82406
73358
13407
10808
43745
60421
65025
24094
60687
46286
15234
77201
91823
52862
9337
3897
6536
40707
52702
9802
81974
91875
62460
10601
34156
71316
20710
81287
37894
7805
84278
20300
81163
97684
47459
41259
74456
12484
81704
35143
58769
96937
28695
66943
49799
38031
70840
72686
78737
39893
82487
60710
31767
44947
87663
65922
16262
8372
63560
70507
16177
47838
90806
13691
61873
54617
54949
36329
67100
53004
87823
42220
49941
16517
25514
99739
54547
96353
72424
49635
36245
71263
26697
84363
32561
14359
50285
65174
39082
30196
35680
71610
94385
42838
85300
56258
97454
56600
8938
80905
9604
96760
39476
59544
29628
64989
75634
526
61342
64409
50160
13938
35671
93208
98301
68231
7566
64937
49756
63000
11484
85436
34609
5869
28273
19909
78478
42078
92860
3767
22982
2463
16878
62457
78358
46505
27445
53991
47030
5138
34752
13541
35428
70422
6749
33728
55005
30666
15016
4760
93665
26499
6547
28274
48719
51171
64534
43548
93248
57393
47314
16229
76208
64191
95037
54565
27047
22482
24908
74076
43971
59659
3969
79398
46432
27069
13125
17788
57734
44492
38900
67751
87343
45446
12376
36061
96617
76909
79609
6216
50653
43274
38797
26860
7465
33833
97777
34511
56314
39036
24939
285
15046
45259
96034
61477
72327
25511
79265
46412
70002
34516
14162
57344
79961
26537
9757
92929
19797
5717
15497
70450
48990
54293
13661
72806
88125
11437
23669
44439
66824
48607
61075
81869
10217
57108
59698
82543
98970
55314
28954
68972
89829
59468
42667
86141
86004
68775
79070
5801
74491
94566
92602
39833
48858
6262
12638
36982
34051
36306
97772
874
1264
75198
99095
11480
48658
58792
10374
47627
30457
55680
32950
20285
15147
75617
6425
17502
60743
1846
39654
35234
12763
32255
75066
77972
38517
4055
14954
88919
56713
29077
6144
57976
20627
5238
85808
69284
80381
12533
33262
10837
68212
66212
47473
99710
58180
70250
17212
18922
72095
73217
70507
1210
5472
61924
79181
60340
65979
10486
65610
22691
39563
71753
97018
76541
76991
82825
45824
73723
95358
95437
912
79921
61648
48384
79631
36179
34985
13194
71453
23432
86410
41959
24641
8233
20235
3821
68572
86213
30659
34181
25255
86573
22286
22272
63113
99276
21449
25288
89350
33158
20724
90261
13078
98724
54997
9060
34902
89981
22253
22706
29764
25015
81017
54404
33247
1251
74577
18171
3815
5235
68703
29069
8159
90988
67692
71271
6615
89140
96558
95965
38649
17281
2577
68079
32356
57573
77138
83610
63906
15743
6315
93669
40757
87331
64425
74003
4933
39001
8525
8747
60587
77228
54167
68745
68215
21859
56367
74830
27350
52924
87146
-1
86556
89722
50429
35264
47295
27566
18873
27552
59660
25187
21220
416
28870
85644
90771
50154
40996
99295
75253
17934
92874
29419
3030
61089
67629
59396
52270
11331
28671
39415
93681
31579
45488
60461
66842
92782
88026
85714
36685
47686
27252
57905
64453
72473
59900
55223
22627
17248
70870
97879
51533
63743
43649
54563
41183
27630
30310
93452
38960
58981
49218
48992
6911
94706
9452
73752
3839
13829
59465
40524
77866
3068
14780
42319
75541
91031
13893
14519
24630
1114
12397
76163
64857
72397
47077
6039
26
77386
15843
55337
52718
65060
4328
59628
76117
13779
33379
96308
43960
9195
53183
21825
28615
84314
80495
20507
75344
10740
-1
99974
11853
-1
92488
76709
36169
39564
99100
52547
33301
14942
7883
2371
96353
12211
61998
72470
42341
11729
85129
86300
37275
38311
24477
65889
22624
21323
86395
97967
32062
37771
14292
43915
1543
23131
20623
37712
79046
19722
90258
28699
51015
14492
31069
47368
26702
93066
19837
85395
21146
4965
88046
58421
59627
12522
40661
82250
33845
43408
96568
65906
81178
27212
26172
82721
50342
46795
36784
29388
82868
43393
58086
33883
57884
5506
81250
938
14923
17438
86332
36069
38754
74377
10841
98380
86899
51501
96981
37095
94908
93548
19352
92438
20759
45524
75158
71101
8670
28293
16840
91537
71685
91277
41771
45920
13134
39372
46857
28056
56809
33188
64124
11914
7565
74964
26645
10815
42817
23625
47909
37724
17173
83612
30161
37931
29135
21670
25383
54156
49962
58574
62045
37998
66202
3815
83918
79335
59539
30774
23743
16347
63962
87866
44613
71526
79182
71257
98692
21998
94882
46600
76073
12054
46563
22586
66336
92050
44255
8071
46205
10569
82996
8249
48566
65550
28416
32483
61236
87954
63257
84978
20652
43570
89196
65264
15095
68377
52873
13786
90374
47754
76737
66446
76159
23299
89031
58846
15348
49638
83268
77905
60206
82616
2505
8771
64517
47272
41254
25752
35225
20862
27082
72229
64431
16277
53844
95877
1005
6716
26014
91378
70821
19102
74175
46979
42400
79558
22177
74100
29195
5444
68356
89400
4411
70860
98170
68927
18132
55775
11031
69708
92988
54464
58288
57418
70740
12132
69646
88096
35199
95659
79473
6020
14760
69999
69350
73512
49556
91526
63963
78750
13322
32318
68149
17732
19529
82671
3011
54012
54797
14041
40072
64137
68504
98359
21554
55595
26842
7552
43690
78393
3210
39514
764
34322
9512
70113
24185
75420
77991
88147
54169
91312
36816
38670
25395
56344
37692
28405
26708
8840
42445
66779
72976
27300
81489
10882
82894
24683
18433
42935
3075
37994
98800
3838
88667
24664
90302
12851
83
68292
17349
70603
59603
54164
25624
1350
26860
63315
29754
69919
88507
88551
36697
61482
15850
34537
72363
15096
59219
7147
58030
78645
45141
73182
98834
33807
97845
89136
63010
97927
73779
80358
84881
49734
50874
10505
51083
94085
90171
80836
64003
78677
69386
699
40159
1588
51587
28873
16683
10806
36020
91064
5802
81160
64245
4636
31318
62089
10123
94327
76367
253
91037
61248
49986
41910
88104
1068
35994
78274
98256
99996
56951
67641
17046
13461
85580
68632
42333
2262
95789
78352
93326
1591
75863
73922
22578
7181
36011
49052
17859
28729
49304
8895
6328
15642
50804
94431
16709
3149
89057
14964
19496
46007
98957
36541
59467
84536
21525
18151
3150
17313
96503
12827
35255
72365
86748
74184
79545
39110
39587
13756
67839
88891
22650
74166
4532
89806
84949
37592
92954
-1
68908
12450
36363
84216
65342
12181
85103
86866
30331
88252
20531
43185
1078
72137
31902
4178
46321
27798
43287
85907
41553
11125
91149
64203
1643
12032
54008
2943
49624
63313
93299
18531
92114
29661
2746
57456
58193
87848
60673
4875
92452
97555
48060
93529
69692
79961
14058
32364
7758
57345
18270
65663
68469
25771
29865
86463
37802
83872
89405
87425
63536
99055
22307
55650
28715
41404
13105
3259
29252
90129
8134
38055
87684
72545
47935
73727
68857
61993
6090
92966
19337
40711
58628
4157
66481
88492
90620
4283
88715
96376
8059
68603
95431
46718
24252
40497
88121
53708
43756
33724
43836
68241
71778
47871
57137
19713
21597
42345
81705
27686
35310
1041
68397
10290
5197
51229
15133
12168
71863
20200
24896
79922
88802
36678
42991
13053
77174
31111
66760
37281
64835
10595
21873
36612
58466
95361
72676
96414
37705
54380
24100
73015
71772
8848
83304
93321
60076
14788
5488
31939
34987
46735
28212
23788
83412
71202
36840
76938
18664
3599
30570
83498
30546
52443
36462
5363
47803
9137
1776
85508
79869
42227
74874
51640
51074
74529
44960
27502
89316
66800
75792
24303
29886
4003
48090
13298
91556
1282
6587
26571
21232
37156
26421
68129
5950
62882
89843
70105
88370
91619
71964
68238
50197
46837
36230
17623
37717
97541
45124
27032
64340
20915
67686
94226
41269
32128
23875
49176
49761
30461
75746
70992
83968
2166
39121
89918
81399
28963
60022
69769
36933
48337
54358
3482
11525
6939
21104
49241
4480
82579
92624
85171
19845
76662
95748
77465
8789
19622
26640
58549
66434
18737
45892
50402
20903
85012
40319
18653
30327
16692
4773
83611
65028
75483
87092
76552
82421
24547
42144
3252
7125
34767
88423
43321
11428
84170
20785
36568
20144
63776
11468
86577
82513
57360
53330
19767
58723
93648
54771
89049
26691
59544
72660
8070
35026
59751
973
33798
84298
43116
37050
7774
77883
25472
51095
5662
25993
88231
42230
62488
52007
53697
49065
50871
27408
18746
86989
86131
12394
41759
75179
55436
1302
64190
63506
52679
40293
64478
86477
40942
23946
23526
48715
1828
65349
16161
23841
7693
4392
82422
70181
72750
52471
35597
39972
79878
54342
26960
66008
83087
85070
57539
38523
2724
21728
18380
71754
78372
99209
58230
19313
23154
98107
68028
41333
79807
540
65174
87500
4931
47595
57680
94032
65
9628
34003
96295
63969
77314
62302
47056
78736
36192
1930
97811
74272
36661
69564
52643
52221
27794
71956
75375
42252
56335
33059
22059
56874
14584
9558
78157
78531
83589
88540
94947
93216
38895
91241
73536
16208
69895
36943
11295
6086
38872
9105
96709
91884
78669
49352
44105
22814
37659
35831
81417
10345
85241
3475
67218
99825
29384
61726
78355
12972
50266
89653
22539
89160
80894
12427
21719
67140
49369
49366
89577
4593
58470
86286
96476
53490
51989
56932
92655
89647
9114
74072
99991
94355
77546
83560
10531
23282
61638
5237
52605
28255
94889
75144
17414
92134
3922
55484
59273
53290
4849
48850
57882
79671
51487
70710
49512
3475
43993
42167
9473
53107
32590
25815
63813
26487
9374
74343
49768
87363
95931
2373
-1
90819
93868
33030
99305
97789
4866
58577
51078
26066
23778
25312
5736
75264
12373
55248
78738
56365
13766
88210
25823
46355
14024
5987
72841
39750
80329
38961
27112
92611
41333
42729
99782
35200
92110
99086
49340
96975
57662
417
39393
81440
42080
45128
73055
54452
16727
51793
27169
46844
56354
52991
9550
86730
75330
98743
42831
72010
37703
69942
64621
95387
29022
64402
30586
21132
63487
79925
34458
37500
96693
73850
35291
38773
35330
8346
9576
68408
76490
36744
15252
49195
6087
41153
35924
97768
39895
78754
69777
77597
65048
34397
89335
94069
98798
19920
31552
78636
16196
82362
16136
29241
72563
51426
84365
7892
76123
93940
92652
52612
47036
24255
18159
69474
65407
54082
67241
5302
49188
37017
99250
14235
87766
88585
24655
86563
24856
56207
81551
57404
54920
97686
2996
27482
65463
87360
51726
57938
97651
44377
10549
61038
68631
45059
46863
50389
99141
30455
72042
64680
83824
87644
78914
71589
92580
19920
74503
33787
92478
56053
91190
47397
70090
10537
74879
51905
14248
26604
9842
11899
87332
36742
89288
72314
81801
52503
22702
97293
82957
94744
61972
66780
82387
57237
54720
91318
77156
45575
25104
69634
1627
32646
17030
88069
43182
8260
39973
57430
34863
66166
85680
38546
2907
91319
10859
84707
43821
33561
81999
43130
44656
43970
26261
43394
1206
80981
34711
94714
26555
76166
64347
44533
8811
97728
48953
51993
5988
88925
25774
57202
55090
27805
12100
74349
19123
22958
59055
79296
72870
57406
22425
33877
1375
48685
77270
18933
29665
28332
29998
72571
4498
94344
33456
29660
8423
82408
81652
30762
87685
23777
4316
59126
51581
16415
33474
87056
39372
8881
66351
28594
66286
5127
62470
84012
53811
56092
19296
99828
775
49293
88750
5272
59988
22205
34932
68411
4613
32935
15524
8649
73064
19839
67774
40996
36253
17600
28051
91977
26480
10753
20570
9117
15879
99391
93128
86042
55482
12424
85869
56257
61716
74618
77880
21704
13175
29163
6466
34139
78450
21989
42787
51513
41828
26912
92508
94432
44511
36911
86408
87342
47663
23329
96458
79894
22720
89586
65935
94553
18361
51803
67161
96428
42772
45041
34483
55946
90555
57300
90084
69004
79289
32870
36868
37468
76134
29376
48251
20644
82638
34659
7986
30300
74339
20795
26545
13410
26732
92479
7963
45092
60633
91475
57872
19757
52867
92354
75702
43422
49654
82138
28777
45294
31359
65645
99113
7492
11372
47363
28136
94009
98373
52473
40660
72712
73267
67205
2473
16351
76035
26787
61442
36668
18262
35665
56424
71128
44371
48477
30901
10376
30614
59678
55669
61973
25322
54781
69464
53045
18495
13951
47053
16868
82775
87712
5931
56042
71268
24755
72392
47303
51542
50185
83970
69803
2202
56745
57282
46572
5221
88183
56947
52187
47860
12615
14159
89533
83747
99974
42577
18593
13925
89629
51812
96699
93692
57742
69092
64960
98849
57835
12262
50390
24372
12583
36544
26573
85679
93825
73144
90899
82007
46442
43085
46218
59056
73595
52102
59154
73569
94678
94098
3845
658
45910
16895
10702
20003
85987
75661
18851
60173
4274
69240
896
33208
5783
27468
18886
15960
16963
26136
97966
63404
69221
60536
38811
59167
12637
14316
32735
23667
8414
36579
40676
54323
69826
51377
74325
55812
43389
93176
32336
64014
62415
33232
97221
84550
77051
16106
509
94014
42242
14826
73769
27814
75361
12580
86980
4350
26895
36067
28016
35308
88997
68691
5982
58822
36420
80307
14633
79808
89834
63321
43822
68600
96552
57394
53149
73602
89852
70009
83967
48445
84835
57736
76258
76547
86667
79589
80896
13561
15655
25263
65221
4652
10306
87554
63473
46725
67860
94458
42884
74045
57778
86705
42645
70681
60451
95793
60634
50302
82154
60953
98746
83340
18688
91355
59886
5354
70943
57134
35266
86598
82396
16838
7601
9053
4392
71073
55777
88603
81882
98661
62648
56011
1717
5292
26691
62167
17436
3677
28820
99589
64629
27565
82928
99668
18919
59166
5021
6214
16299
56638
9163
15046
73476
16763
24099
77867
4187
96227
82821
86069
11239
45468
58431
12956
67111
85122
91474
84547
5150
36646
487
69778
64210
99767
69445
99481
58932
90817
22046
91582
47454
31208
22979
37281
64322
47077
31499
68508
59656
14320
70928
70894
59787
29359
201
43250
30832
8027
27796
35981
44672
44634
22110
25233
44400
7906
41065
19683
15074
63110
11264
62527
10669
34243
99808
74990
97671
47658
43498
57326
61977
14425
28220
38116
60135
44772
81365
90966
52798
9160
43298
97469
70145
65407
22702
14545
89664
63766
34227
4737
43228
61843
67264
53896
96085
83423
28886
10107
47432
88735
67433
9409
3159
12004
47524
79646
56775
45240
70611
25925
70751
13909
23393
40895
95667
62446
55439
85331
42564
6018
6419
2143
67860
90034
56038
80296
73456
1275
90402
20888
90009
74186
46648
9520
2541
10523
89165
75668
55762
76127
1592
26512
90035
41336
67406
2054
3782
39197
3736
62697
45214
10154
64839
29425
188
37228
26072
89995
38503
16473
27234
28511
7011
73881
38030
9551
84403
43546
85218
56516
19673
3161
83027
26059
44497
66785
28112
64630
5981
48199
43678
67546
58353
8516
96970
58540
45743
39393
48534
84245
55865
75768
29108
79227
66000
83489
88778
66755
27035
90347
23270
63059
9860
22649
89117
70708
89433
33581
35337
11765
81779
79014
79310
40131
3881
92631
15022
49623
32023
79908
50220
4239
72027
79327
83466
38026
79167
88595
21132
6201
95293
60754
85611
21504
83402
74728
92211
89186
24660
43899
950
6438
39264
96611
62921
43144
5593
77942
9119
37615
57849
59338
58205
46227
55016
58022
84253
50534
62968
21736
73087
74613
82489
58697
96116
65890
33424
88327
71427
74435
32225
72376
80873
71489
68986
60145
30984
74578
38086
40102
28544
12287
15791
3101
58513
87158
61122
59117
37692
40442
80853
10778
15054
79693
69474
11169
61935
19250
15847
33361
93684
48072
5737
90908
35912
91074
51052
66895
82004
5490
23349
26899
34128
39139
29999
8992
26297
7473
68109
63988
47914
65313
74765
62967
61357
60590
74135
23291
79839
6334
56652
89875
70757
78740
80782
6668
69813
31834
89914
51816
53675
29614
78715
87802
68753
25065
96793
11401
32537
81253
91740
80450
62917
82856
59768
24274
43445
50255
47564
23284
56588
20567
13158
27344
99306
10291
34011
69119
58476
40276
37286
12150
69890
32352
99951
54994
57417
13096
82746
6305
94348
74485
3107
73617
57340
62874
97890
784
13128
61805
40419
69715
82372
69928
97058
98029
96571
47420
83499
55046
4048
20785
67196
90289
69488
83498
45282
43256
96593
44379
49561
90941
18863
52667
80909
92554
31892
78798
9689
45020
56954
50108
31086
55677
36387
28144
53706
49309
91915
37204
4355
95962
74340
71550
86250
43828
